# flow_hash in-context cycle histogram (x86=1)
# total_calls 34549 overflow(>=1024) 47
# rdtsc_pair_overhead_min 29 (flow_hash ~= mode - this)
# cycles count
218 1
222 22
223 9
224 131
225 70
226 505
227 122
228 1188
229 357
230 2110
231 532
232 3013
233 641
234 3338
235 680
236 2939
237 599
238 2135
239 398
240 1282
241 217
242 656
243 114
244 343
245 62
246 234
247 24
248 111
249 10
250 114
251 5
252 108
253 2
254 80
256 93
257 1
258 117
260 92
262 77
264 88
265 4
266 79
267 6
268 69
269 7
270 63
271 5
272 67
273 11
274 66
275 10
276 87
277 14
278 69
279 14
280 76
281 19
282 67
283 23
284 89
285 22
286 87
287 24
288 90
289 39
290 102
291 35
292 92
293 29
294 91
295 26
296 88
297 28
298 84
299 39
300 84
301 43
302 84
303 40
304 76
305 58
306 84
307 69
308 82
309 50
310 82
311 54
312 85
313 54
314 101
315 76
316 88
317 85
318 92
319 82
320 88
321 106
322 102
323 80
324 107
325 106
326 95
327 92
328 90
329 107
330 92
331 134
332 84
333 132
334 92
335 139
336 104
337 133
338 94
339 164
340 97
341 177
342 102
343 170
344 77
345 178
346 75
347 188
348 82
349 180
350 75
351 195
352 67
353 189
354 74
355 211
356 70
357 226
358 61
359 173
360 64
361 201
362 41
363 166
364 38
365 193
366 25
367 159
368 29
369 148
370 19
371 147
372 29
373 103
374 20
375 117
376 10
377 94
378 9
379 103
380 7
381 93
382 8
383 104
384 3
385 76
386 3
387 92
388 1
389 60
391 78
392 4
393 68
394 3
395 57
396 2
397 43
398 7
399 45
400 2
401 50
402 9
403 53
404 5
405 52
406 10
407 41
408 10
409 45
410 10
411 44
412 9
413 40
414 7
415 46
416 8
417 31
418 13
419 22
420 13
421 29
422 5
423 36
424 13
425 17
426 11
427 32
428 9
429 24
430 10
431 28
432 10
433 23
434 12
435 17
436 11
437 15
438 8
439 19
440 12
441 18
442 13
443 24
444 13
445 10
446 13
447 17
448 16
449 13
450 15
451 10
452 13
453 17
454 14
455 15
456 8
457 8
458 10
459 8
460 9
461 6
462 11
463 6
464 11
465 5
466 14
467 6
468 11
469 6
470 11
471 4
472 7
473 3
474 8
475 2
476 8
477 4
478 5
479 4
480 8
481 3
482 2
484 6
485 1
486 7
487 1
488 13
489 3
490 2
491 3
492 3
494 6
496 5
497 2
498 2
500 3
502 3
503 1
504 1
506 1
508 3
510 3
512 1
514 3
516 2
518 4
522 2
524 2
526 2
529 1
534 1
539 1
541 2
545 1
546 1
554 1
559 1
564 1
568 1
574 2
577 1
590 2
601 1
618 1
633 2
635 3
637 1
645 1
649 1
671 1
688 1
701 1
724 1
727 1
744 1
746 2
752 1
756 1
772 1
778 1
786 1
790 1
829 1
841 1
844 1
862 1
879 1
905 1
931 1
963 1
984 1
985 1
995 1
996 1
998 1
1007 1
1008 3
1011 1
1012 1
1014 1
