# 16 keys, 22 u32 words each, jhash2&0xffffffff == 0xcaa92980
00000000 00000000 00000000 00000000 00000000 00000000 00000000 00000000 00010006 00000000 00000000 00000000 00000000 00000000 00000000 00000000 00000008 00000011 00000000 00000000 32b8a8bd b311c9c8 
00000000 00000000 00000000 00000000 00000000 00000000 00000000 00000000 00010006 00000000 00000000 00000000 00000000 00000000 00000000 00000000 00000008 00000011 00000000 00000000 b28fbdf2 a05b29c5 
00000000 00000000 00000000 00000000 00000000 00000000 00000000 00000000 00010006 00000000 00000000 00000000 00000000 00000000 00000000 00000000 00000008 00000011 00000000 00000000 48bad56d f6f10494 
00000000 00000000 00000000 00000000 00000000 00000000 00000000 00000000 00010006 00000000 00000000 00000000 00000000 00000000 00000000 00000000 00000008 00000011 00000000 00000000 09138f2d 9591179d 
00000000 00000000 00000000 00000000 00000000 00000000 00000000 00000000 00010006 00000000 00000000 00000000 00000000 00000000 00000000 00000000 00000008 00000011 00000000 00000000 7f435451 cf40cc44 
00000000 00000000 00000000 00000000 00000000 00000000 00000000 00000000 00010006 00000000 00000000 00000000 00000000 00000000 00000000 00000000 00000008 00000011 00000000 00000000 f15665e8 c6a5d7d4 
00000000 00000000 00000000 00000000 00000000 00000000 00000000 00000000 00010006 00000000 00000000 00000000 00000000 00000000 00000000 00000000 00000008 00000011 00000000 00000000 48618f7b 841d4850 
00000000 00000000 00000000 00000000 00000000 00000000 00000000 00000000 00010006 00000000 00000000 00000000 00000000 00000000 00000000 00000000 00000008 00000011 00000000 00000000 d35c4497 20929468 
00000000 00000000 00000000 00000000 00000000 00000000 00000000 00000000 00010006 00000000 00000000 00000000 00000000 00000000 00000000 00000000 00000008 00000011 00000000 00000000 862a6ab8 e3b3ec6e 
00000000 00000000 00000000 00000000 00000000 00000000 00000000 00000000 00010006 00000000 00000000 00000000 00000000 00000000 00000000 00000000 00000008 00000011 00000000 00000000 e2238f17 ae892d50 
00000000 00000000 00000000 00000000 00000000 00000000 00000000 00000000 00010006 00000000 00000000 00000000 00000000 00000000 00000000 00000000 00000008 00000011 00000000 00000000 553b5552 bd94022f 
00000000 00000000 00000000 00000000 00000000 00000000 00000000 00000000 00010006 00000000 00000000 00000000 00000000 00000000 00000000 00000000 00000008 00000011 00000000 00000000 8b9ce9d0 6b081d02 
00000000 00000000 00000000 00000000 00000000 00000000 00000000 00000000 00010006 00000000 00000000 00000000 00000000 00000000 00000000 00000000 00000008 00000011 00000000 00000000 5a360450 42f928de 
00000000 00000000 00000000 00000000 00000000 00000000 00000000 00000000 00010006 00000000 00000000 00000000 00000000 00000000 00000000 00000000 00000008 00000011 00000000 00000000 359b7397 6bf634eb 
00000000 00000000 00000000 00000000 00000000 00000000 00000000 00000000 00010006 00000000 00000000 00000000 00000000 00000000 00000000 00000000 00000008 00000011 00000000 00000000 8e96382f f18125ee 
00000000 00000000 00000000 00000000 00000000 00000000 00000000 00000000 00010006 00000000 00000000 00000000 00000000 00000000 00000000 00000000 00000008 00000011 00000000 00000000 2295b9b6 103c229d 
